(78.7879,98.4848) (78.7879,65.1515) (80.303,65.1515) (80.303,100) 
 (1.51515,66.6667) (13.6364,66.6667) (13.6364,74.2424) (1.51515,75.7576) 
 (42.4242,1.51515) (42.4242,24.2424) (34.8485,24.2424) (34.8485,1.51515) 
 (78.7879,1.51515) (87.8788,16.6667) (74.2424,27.2727) (57.5758,1.51515) 
 (1.51515,39.3939) (1.51515,36.3636) (39.3939,36.3636) (39.3939,39.3939) 
 (44.1288,65.3409) (42.0455,56.0606) (54.3561,41.0985) (64.9621,57.3864) 
 (1.51515,0) (100,0) (100,1.51515) (1.51515,1.51515) 
 (0,98.4848) (0,0) (1.51515,0) (1.51515,98.4848) 
 (98.4848,100) (0,100) (0,98.4848) (98.4848,98.4848) 
 (98.4848,1.51515) (100,1.51515) (100,100) (98.4848,100) 
 

